{
 "cells": [
  {
   "cell_type": "code",
   "execution_count": 17,
   "metadata": {},
   "outputs": [],
   "source": [
    "from math import comb,log\n",
    "from mpmath import mp\n",
    "import plotly.graph_objects as go\n",
    "import plotly.express as px"
   ]
  },
  {
   "cell_type": "markdown",
   "metadata": {},
   "source": [
    "$$ Pr(H_\\text{Fair} | E) = \\frac{Pr(E | H_\\text{Fair}) Pr(H_\\text{Fair})}{Pr(E)} $$\n",
    "\n",
    "$$ Pr(H_\\text{Fair} | E_1, E_2, \\dots, E_c) = \\frac{Pr(E_1 | H_\\text{Fair}) Pr(E_2| H_\\text{Fair}) \\dots Pr(E_c | H_\\text{Fair}) Pr(H_\\text{Fair})}{Pr(E_1, E_2, \\dots, E_c)} $$\n",
    "\n",
    "$$ Pr(H_\\text{Fair} | E_1, E_2, \\dots, E_c) = \\frac{\\int_{p=0}^{1} Pr(E_1 | p) Pr(E_2 | p) \\dots Pr(E_c | p) Pr(p | H_\\text{Fair}) Pr(H_\\text{Fair}) }{\\int_{p=0}^{1} Pr(E_1, E_2, \\dots, E_c | p)} $$\n",
    "\n",
    "$$ \\frac{Pr(H_\\text{Cheating} | E_1, E_2, \\dots, E_c)}{Pr(H_\\text{Fair} | E_1, E_2, \\dots, E_c)} = \\frac{\\int_{p=0}^{1} Pr(E_1 | p) Pr(E_2 | p) \\dots Pr(E_c | p) Pr(p | H_\\text{Cheating}) Pr(H_\\text{Cheating}) }{\\int_{p=0}^{1} Pr(E_1 | p) Pr(E_2 | p) \\dots Pr(E_c | p) Pr(p | H_\\text{Fair}) Pr(H_\\text{Fair}) } $$"
   ]
  },
  {
   "cell_type": "markdown",
   "metadata": {},
   "source": [
    "$$ \\text{Binom}(n,k,p) = {n \\choose k} p^k (1-p)^{n-k} = \\frac{n!}{k!(n-k)!} p^k (1-p)^{n-k} $$\n",
    "\n",
    "$$ \\text{NegBinom}(n,k,p) = {n-1 \\choose k-1} p^k (1-p)^{n-k} = \\frac{(n-1)!}{(k-1)!(n-k)!} p^k (1-p)^{n-k} $$"
   ]
  },
  {
   "cell_type": "code",
   "execution_count": 11,
   "metadata": {},
   "outputs": [
    {
     "name": "stdout",
     "output_type": "stream",
     "text": [
      "0.0636363636363636363636363636364\n",
      "0.06363636363636363\n"
     ]
    }
   ],
   "source": [
    "with mp.workdps(30):\n",
    "    print(mp.quad( lambda p: mp.fmul( mp.binomial(9,6), mp.fmul( mp.power(p,7), mp.power(1-p,3))), (0,1) ))\n",
    "    \n",
    "print(7 / (11*10))"
   ]
  },
  {
   "cell_type": "code",
   "execution_count": 33,
   "metadata": {
    "scrolled": false
   },
   "outputs": [
    {
     "data": {
      "application/vnd.plotly.v1+json": {
       "config": {
        "plotlyServerURL": "https://plot.ly"
       },
       "data": [
        {
         "colorscale": [
          [
           0,
           "rgb(255,245,240)"
          ],
          [
           0.125,
           "rgb(254,224,210)"
          ],
          [
           0.25,
           "rgb(252,187,161)"
          ],
          [
           0.375,
           "rgb(252,146,114)"
          ],
          [
           0.5,
           "rgb(251,106,74)"
          ],
          [
           0.625,
           "rgb(239,59,44)"
          ],
          [
           0.75,
           "rgb(203,24,29)"
          ],
          [
           0.875,
           "rgb(165,15,21)"
          ],
          [
           1,
           "rgb(103,0,13)"
          ]
         ],
         "name": "Binomial",
         "showscale": false,
         "type": "surface",
         "x": [
          0,
          1,
          2,
          3,
          4,
          5,
          6,
          7,
          8,
          9,
          10,
          11,
          12,
          13,
          14,
          15,
          16,
          17,
          18,
          19
         ],
         "y": [
          1,
          2,
          3,
          4,
          5,
          6,
          7,
          8,
          9,
          10,
          11,
          12,
          13,
          14,
          15,
          16,
          17,
          18,
          19
         ],
         "z": [
          [
           0,
           0,
           0,
           0,
           0,
           0,
           0,
           0,
           0,
           0,
           0,
           0,
           0,
           0,
           0,
           0,
           0,
           0,
           0
          ],
          [
           0.6931471805599453,
           1.0986122886681098,
           1.3862943611198906,
           1.6094379124341003,
           1.791759469228055,
           1.9459101490553132,
           2.0794415416798357,
           2.1972245773362196,
           2.302585092994046,
           2.3978952727983707,
           2.4849066497880004,
           2.5649493574615367,
           2.6390573296152584,
           2.70805020110221,
           2.772588722239781,
           2.833213344056216,
           2.8903717578961645,
           2.9444389791664403,
           2.995732273553991
          ],
          [
           1.0986122886681098,
           1.791759469228055,
           2.302585092994046,
           2.70805020110221,
           3.044522437723423,
           3.332204510175204,
           3.58351893845611,
           3.8066624897703196,
           4.007333185232471,
           4.189654742026425,
           4.356708826689592,
           4.51085950651685,
           4.653960350157523,
           4.787491742782046,
           4.912654885736052,
           5.030437921392435,
           5.14166355650266,
           5.247024072160486,
           5.3471075307174685
          ],
          [
           1.3862943611198906,
           2.302585092994046,
           2.995732273553991,
           3.5553480614894135,
           4.02535169073515,
           4.430816798843313,
           4.787491742782046,
           5.10594547390058,
           5.393627546352362,
           5.655991810819852,
           5.8971538676367405,
           6.12029741895095,
           6.327936783729195,
           6.522092798170152,
           6.704414354964107,
           6.876264611890766,
           7.038783541388542,
           7.1929342212158,
           7.3395376954076745
          ],
          [
           1.6094379124341003,
           2.70805020110221,
           3.5553480614894135,
           4.248495242049359,
           4.836281906951478,
           5.3471075307174685,
           5.799092654460526,
           6.20455776256869,
           6.5722825426940075,
           6.90875477931522,
           7.21890970761906,
           7.506591780070841,
           7.77485576666552,
           8.026170194946426,
           8.262558973010657,
           8.485702524324866,
           8.697011617992073,
           8.897682313454224,
           9.088737550216933
          ],
          [
           1.791759469228055,
           3.044522437723423,
           4.02535169073515,
           4.836281906951478,
           5.529429087511423,
           6.135564891081739,
           6.674561391814426,
           7.160069207596127,
           7.601901959875166,
           8.00736706798333,
           8.38206051742474,
           8.730367211692958,
           9.055789612127585,
           9.361171261678766,
           9.648853334130548,
           9.920787049614189,
           10.17861615891629,
           10.423738616949274,
           10.657353468130779
          ],
          [
           1.9459101490553132,
           3.332204510175204,
           4.430816798843313,
           5.3471075307174685,
           6.135564891081739,
           6.828712071641684,
           7.447751280047908,
           8.00736706798333,
           8.518192691749322,
           8.988196320995057,
           9.423514392252901,
           9.828979500361067,
           10.20846912206597,
           10.565144066004702,
           10.901616302625916,
           11.22007003374445,
           11.522350905617383,
           11.810032978069165,
           12.084469823770926
          ],
          [
           2.0794415416798357,
           3.58351893845611,
           4.787491742782046,
           5.799092654460526,
           6.674561391814426,
           7.447751280047908,
           8.140898460607852,
           8.769507120030227,
           9.344871264933788,
           9.875499515995958,
           10.367976001093753,
           10.827508330472194,
           11.258291246564648,
           11.663756354672811,
           12.046748606928919,
           12.409654100618287,
           12.754494586910017,
           13.082998653882052,
           13.396656212737094
          ],
          [
           2.1972245773362196,
           3.8066624897703196,
           5.10594547390058,
           6.20455776256869,
           7.160069207596127,
           8.00736706798333,
           8.769507120030227,
           9.462654300590172,
           10.098643067310169,
           10.686429732212288,
           11.232973438580357,
           11.74379906234635,
           12.223372142608236,
           12.675357266351293,
           13.102801281178232,
           13.508266389286396,
           13.893928870098382,
           14.261653650223698,
           14.613051537061587
          ],
          [
           2.302585092994046,
           4.007333185232471,
           5.393627546352362,
           6.5722825426940075,
           7.601901959875166,
           8.518192691749322,
           9.344871264933788,
           10.098643067310169,
           10.791790247870114,
           11.43364413404251,
           12.03148113479813,
           12.591096922733552,
           13.117190018630332,
           13.613626904944223,
           14.083630534189957,
           14.529917636818377,
           14.954800830783643,
           15.360265938891807,
           15.748031469900571
          ],
          [
           2.3978952727983707,
           4.189654742026425,
           5.655991810819852,
           6.90875477931522,
           8.00736706798333,
           8.988196320995057,
           9.875499515995958,
           10.686429732212288,
           11.43364413404251,
           12.126791314602455,
           12.773418479527507,
           13.379554283097823,
           13.950099141565435,
           14.489095642298123,
           14.999921266064113,
           15.485429081845814,
           15.948052603793927,
           16.389885356072966,
           16.812742206893
          ],
          [
           2.4849066497880004,
           4.356708826689592,
           5.8971538676367405,
           7.21890970761906,
           8.38206051742474,
           9.423514392252901,
           10.367976001093753,
           11.232973438580357,
           12.03148113479813,
           12.773418479527507,
           13.466565660087452,
           14.117153226228602,
           14.730257699115011,
           15.310076194367953,
           15.860122531287224,
           16.383370675051772,
           16.88236184117076,
           17.35928591326107,
           17.816044315756784
          ],
          [
           2.5649493574615367,
           4.51085950651685,
           6.12029741895095,
           7.506591780070841,
           8.730367211692958,
           9.828979500361067,
           10.827508330472194,
           11.74379906234635,
           12.591096922733552,
           13.379554283097823,
           14.117153226228602,
           14.810300406788548,
           15.46422687419521,
           16.083266082601433,
           16.671052747503552,
           17.230668535438976,
           17.764751021369236,
           18.275576645135224,
           18.76512487045393
          ],
          [
           2.6390573296152584,
           4.653960350157523,
           6.327936783729195,
           7.77485576666552,
           9.055789612127585,
           10.20846912206597,
           11.258291246564648,
           12.223372142608236,
           13.117190018630332,
           13.950099141565435,
           14.730257699115011,
           15.46422687419521,
           16.157374054755156,
           16.814153591144226,
           17.43830790021722,
           18.033015007963915,
           18.600999045569854,
           19.144614492158833,
           19.66591141579212
          ],
          [
           2.70805020110221,
           4.787491742782046,
           6.522092798170152,
           8.026170194946426,
           9.361171261678766,
           10.565144066004702,
           11.663756354672811,
           12.675357266351293,
           13.613626904944223,
           14.489095642298123,
           15.310076194367953,
           16.083266082601433,
           16.814153591144226,
           17.507300771704173,
           18.166546400588437,
           18.79515506001081,
           19.39592892043974,
           19.971293065343303,
           20.52336164764334
          ],
          [
           2.772588722239781,
           4.912654885736052,
           6.704414354964107,
           8.262558973010657,
           9.648853334130548,
           10.901616302625916,
           12.046748606928919,
           13.102801281178232,
           14.083630534189957,
           14.999921266064113,
           15.860122531287224,
           16.671052747503552,
           17.43830790021722,
           18.166546400588437,
           18.85969358114838,
           19.521092063393745,
           20.15361462213726,
           20.759750425707573,
           21.341671971157293
          ],
          [
           2.833213344056216,
           5.030437921392435,
           6.876264611890766,
           8.485702524324866,
           9.920787049614189,
           11.22007003374445,
           12.409654100618287,
           13.508266389286396,
           14.529917636818377,
           15.485429081845814,
           16.383370675051772,
           17.230668535438976,
           18.033015007963915,
           18.79515506001081,
           19.521092063393745,
           20.214239243953692,
           20.877533461363956,
           21.513522228083954,
           22.124431310406926
          ],
          [
           2.8903717578961645,
           5.14166355650266,
           7.038783541388542,
           8.697011617992073,
           10.17861615891629,
           11.522350905617383,
           12.754494586910017,
           13.893928870098382,
           14.954800830783643,
           15.948052603793927,
           16.88236184117076,
           17.764751021369236,
           18.600999045569854,
           19.39592892043974,
           20.15361462213726,
           20.877533461363956,
           21.5706806419239,
           22.23565694551715,
           22.87473690480682
          ],
          [
           2.9444389791664403,
           5.247024072160486,
           7.1929342212158,
           8.897682313454224,
           10.423738616949274,
           11.810032978069165,
           13.082998653882052,
           14.261653650223698,
           15.360265938891807,
           16.389885356072966,
           17.35928591326107,
           18.275576645135224,
           19.144614492158833,
           19.971293065343303,
           20.759750425707573,
           21.513522228083954,
           22.23565694551715,
           22.928804126077097,
           23.59528305955488
          ],
          [
           2.995732273553991,
           5.3471075307174685,
           7.3395376954076745,
           9.088737550216933,
           10.657353468130779,
           12.084469823770926,
           13.396656212737094,
           14.613051537061587,
           15.748031469900571,
           16.812742206893,
           17.816044315756784,
           18.76512487045393,
           19.66591141579212,
           20.52336164764334,
           21.341671971157293,
           22.124431310406926,
           22.87473690480682,
           23.59528305955488,
           24.288430240114824
          ]
         ]
        },
        {
         "colorscale": [
          [
           0,
           "rgb(247,251,255)"
          ],
          [
           0.125,
           "rgb(222,235,247)"
          ],
          [
           0.25,
           "rgb(198,219,239)"
          ],
          [
           0.375,
           "rgb(158,202,225)"
          ],
          [
           0.5,
           "rgb(107,174,214)"
          ],
          [
           0.625,
           "rgb(66,146,198)"
          ],
          [
           0.75,
           "rgb(33,113,181)"
          ],
          [
           0.875,
           "rgb(8,81,156)"
          ],
          [
           1,
           "rgb(8,48,107)"
          ]
         ],
         "name": "Negative Binomial",
         "showscale": false,
         "type": "surface",
         "x": [
          0,
          1,
          2,
          3,
          4,
          5,
          6,
          7,
          8,
          9,
          10,
          11,
          12,
          13,
          14,
          15,
          16,
          17,
          18,
          19
         ],
         "y": [
          1,
          2,
          3,
          4,
          5,
          6,
          7,
          8,
          9,
          10,
          11,
          12,
          13,
          14,
          15,
          16,
          17,
          18,
          19
         ],
         "z": [
          [
           0,
           0,
           0,
           0,
           0,
           0,
           0,
           0,
           0,
           0,
           0,
           0,
           0,
           0,
           0,
           0,
           0,
           0,
           0
          ],
          [
           0,
           0.6931471805599453,
           1.0986122886681098,
           1.3862943611198906,
           1.6094379124341003,
           1.791759469228055,
           1.9459101490553132,
           2.0794415416798357,
           2.1972245773362196,
           2.302585092994046,
           2.3978952727983707,
           2.4849066497880004,
           2.5649493574615367,
           2.6390573296152584,
           2.70805020110221,
           2.772588722239781,
           2.833213344056216,
           2.8903717578961645,
           2.9444389791664403
          ],
          [
           0,
           1.0986122886681098,
           1.791759469228055,
           2.302585092994046,
           2.70805020110221,
           3.044522437723423,
           3.332204510175204,
           3.58351893845611,
           3.8066624897703196,
           4.007333185232471,
           4.189654742026425,
           4.356708826689592,
           4.51085950651685,
           4.653960350157523,
           4.787491742782046,
           4.912654885736052,
           5.030437921392435,
           5.14166355650266,
           5.247024072160486
          ],
          [
           0,
           1.3862943611198906,
           2.302585092994046,
           2.995732273553991,
           3.5553480614894135,
           4.02535169073515,
           4.430816798843313,
           4.787491742782046,
           5.10594547390058,
           5.393627546352362,
           5.655991810819852,
           5.8971538676367405,
           6.12029741895095,
           6.327936783729195,
           6.522092798170152,
           6.704414354964107,
           6.876264611890766,
           7.038783541388542,
           7.1929342212158
          ],
          [
           0,
           1.6094379124341003,
           2.70805020110221,
           3.5553480614894135,
           4.248495242049359,
           4.836281906951478,
           5.3471075307174685,
           5.799092654460526,
           6.20455776256869,
           6.5722825426940075,
           6.90875477931522,
           7.21890970761906,
           7.506591780070841,
           7.77485576666552,
           8.026170194946426,
           8.262558973010657,
           8.485702524324866,
           8.697011617992073,
           8.897682313454224
          ],
          [
           0,
           1.791759469228055,
           3.044522437723423,
           4.02535169073515,
           4.836281906951478,
           5.529429087511423,
           6.135564891081739,
           6.674561391814426,
           7.160069207596127,
           7.601901959875166,
           8.00736706798333,
           8.38206051742474,
           8.730367211692958,
           9.055789612127585,
           9.361171261678766,
           9.648853334130548,
           9.920787049614189,
           10.17861615891629,
           10.423738616949274
          ],
          [
           0,
           1.9459101490553132,
           3.332204510175204,
           4.430816798843313,
           5.3471075307174685,
           6.135564891081739,
           6.828712071641684,
           7.447751280047908,
           8.00736706798333,
           8.518192691749322,
           8.988196320995057,
           9.423514392252901,
           9.828979500361067,
           10.20846912206597,
           10.565144066004702,
           10.901616302625916,
           11.22007003374445,
           11.522350905617383,
           11.810032978069165
          ],
          [
           0,
           2.0794415416798357,
           3.58351893845611,
           4.787491742782046,
           5.799092654460526,
           6.674561391814426,
           7.447751280047908,
           8.140898460607852,
           8.769507120030227,
           9.344871264933788,
           9.875499515995958,
           10.367976001093753,
           10.827508330472194,
           11.258291246564648,
           11.663756354672811,
           12.046748606928919,
           12.409654100618287,
           12.754494586910017,
           13.082998653882052
          ],
          [
           0,
           2.1972245773362196,
           3.8066624897703196,
           5.10594547390058,
           6.20455776256869,
           7.160069207596127,
           8.00736706798333,
           8.769507120030227,
           9.462654300590172,
           10.098643067310169,
           10.686429732212288,
           11.232973438580357,
           11.74379906234635,
           12.223372142608236,
           12.675357266351293,
           13.102801281178232,
           13.508266389286396,
           13.893928870098382,
           14.261653650223698
          ],
          [
           0,
           2.302585092994046,
           4.007333185232471,
           5.393627546352362,
           6.5722825426940075,
           7.601901959875166,
           8.518192691749322,
           9.344871264933788,
           10.098643067310169,
           10.791790247870114,
           11.43364413404251,
           12.03148113479813,
           12.591096922733552,
           13.117190018630332,
           13.613626904944223,
           14.083630534189957,
           14.529917636818377,
           14.954800830783643,
           15.360265938891807
          ],
          [
           0,
           2.3978952727983707,
           4.189654742026425,
           5.655991810819852,
           6.90875477931522,
           8.00736706798333,
           8.988196320995057,
           9.875499515995958,
           10.686429732212288,
           11.43364413404251,
           12.126791314602455,
           12.773418479527507,
           13.379554283097823,
           13.950099141565435,
           14.489095642298123,
           14.999921266064113,
           15.485429081845814,
           15.948052603793927,
           16.389885356072966
          ],
          [
           0,
           2.4849066497880004,
           4.356708826689592,
           5.8971538676367405,
           7.21890970761906,
           8.38206051742474,
           9.423514392252901,
           10.367976001093753,
           11.232973438580357,
           12.03148113479813,
           12.773418479527507,
           13.466565660087452,
           14.117153226228602,
           14.730257699115011,
           15.310076194367953,
           15.860122531287224,
           16.383370675051772,
           16.88236184117076,
           17.35928591326107
          ],
          [
           0,
           2.5649493574615367,
           4.51085950651685,
           6.12029741895095,
           7.506591780070841,
           8.730367211692958,
           9.828979500361067,
           10.827508330472194,
           11.74379906234635,
           12.591096922733552,
           13.379554283097823,
           14.117153226228602,
           14.810300406788548,
           15.46422687419521,
           16.083266082601433,
           16.671052747503552,
           17.230668535438976,
           17.764751021369236,
           18.275576645135224
          ],
          [
           0,
           2.6390573296152584,
           4.653960350157523,
           6.327936783729195,
           7.77485576666552,
           9.055789612127585,
           10.20846912206597,
           11.258291246564648,
           12.223372142608236,
           13.117190018630332,
           13.950099141565435,
           14.730257699115011,
           15.46422687419521,
           16.157374054755156,
           16.814153591144226,
           17.43830790021722,
           18.033015007963915,
           18.600999045569854,
           19.144614492158833
          ],
          [
           0,
           2.70805020110221,
           4.787491742782046,
           6.522092798170152,
           8.026170194946426,
           9.361171261678766,
           10.565144066004702,
           11.663756354672811,
           12.675357266351293,
           13.613626904944223,
           14.489095642298123,
           15.310076194367953,
           16.083266082601433,
           16.814153591144226,
           17.507300771704173,
           18.166546400588437,
           18.79515506001081,
           19.39592892043974,
           19.971293065343303
          ],
          [
           0,
           2.772588722239781,
           4.912654885736052,
           6.704414354964107,
           8.262558973010657,
           9.648853334130548,
           10.901616302625916,
           12.046748606928919,
           13.102801281178232,
           14.083630534189957,
           14.999921266064113,
           15.860122531287224,
           16.671052747503552,
           17.43830790021722,
           18.166546400588437,
           18.85969358114838,
           19.521092063393745,
           20.15361462213726,
           20.759750425707573
          ],
          [
           0,
           2.833213344056216,
           5.030437921392435,
           6.876264611890766,
           8.485702524324866,
           9.920787049614189,
           11.22007003374445,
           12.409654100618287,
           13.508266389286396,
           14.529917636818377,
           15.485429081845814,
           16.383370675051772,
           17.230668535438976,
           18.033015007963915,
           18.79515506001081,
           19.521092063393745,
           20.214239243953692,
           20.877533461363956,
           21.513522228083954
          ],
          [
           0,
           2.8903717578961645,
           5.14166355650266,
           7.038783541388542,
           8.697011617992073,
           10.17861615891629,
           11.522350905617383,
           12.754494586910017,
           13.893928870098382,
           14.954800830783643,
           15.948052603793927,
           16.88236184117076,
           17.764751021369236,
           18.600999045569854,
           19.39592892043974,
           20.15361462213726,
           20.877533461363956,
           21.5706806419239,
           22.23565694551715
          ],
          [
           0,
           2.9444389791664403,
           5.247024072160486,
           7.1929342212158,
           8.897682313454224,
           10.423738616949274,
           11.810032978069165,
           13.082998653882052,
           14.261653650223698,
           15.360265938891807,
           16.389885356072966,
           17.35928591326107,
           18.275576645135224,
           19.144614492158833,
           19.971293065343303,
           20.759750425707573,
           21.513522228083954,
           22.23565694551715,
           22.928804126077097
          ],
          [
           0,
           2.995732273553991,
           5.3471075307174685,
           7.3395376954076745,
           9.088737550216933,
           10.657353468130779,
           12.084469823770926,
           13.396656212737094,
           14.613051537061587,
           15.748031469900571,
           16.812742206893,
           17.816044315756784,
           18.76512487045393,
           19.66591141579212,
           20.52336164764334,
           21.341671971157293,
           22.124431310406926,
           22.87473690480682,
           23.59528305955488
          ]
         ]
        }
       ],
       "layout": {
        "scene": {
         "xaxis": {
          "title": {
           "text": "k"
          }
         },
         "yaxis": {
          "title": {
           "text": "n - k"
          }
         },
         "zaxis": {
          "title": {
           "text": "log(Pr)"
          }
         }
        },
        "template": {
         "data": {
          "bar": [
           {
            "error_x": {
             "color": "#2a3f5f"
            },
            "error_y": {
             "color": "#2a3f5f"
            },
            "marker": {
             "line": {
              "color": "#E5ECF6",
              "width": 0.5
             }
            },
            "type": "bar"
           }
          ],
          "barpolar": [
           {
            "marker": {
             "line": {
              "color": "#E5ECF6",
              "width": 0.5
             }
            },
            "type": "barpolar"
           }
          ],
          "carpet": [
           {
            "aaxis": {
             "endlinecolor": "#2a3f5f",
             "gridcolor": "white",
             "linecolor": "white",
             "minorgridcolor": "white",
             "startlinecolor": "#2a3f5f"
            },
            "baxis": {
             "endlinecolor": "#2a3f5f",
             "gridcolor": "white",
             "linecolor": "white",
             "minorgridcolor": "white",
             "startlinecolor": "#2a3f5f"
            },
            "type": "carpet"
           }
          ],
          "choropleth": [
           {
            "colorbar": {
             "outlinewidth": 0,
             "ticks": ""
            },
            "type": "choropleth"
           }
          ],
          "contour": [
           {
            "colorbar": {
             "outlinewidth": 0,
             "ticks": ""
            },
            "colorscale": [
             [
              0,
              "#0d0887"
             ],
             [
              0.1111111111111111,
              "#46039f"
             ],
             [
              0.2222222222222222,
              "#7201a8"
             ],
             [
              0.3333333333333333,
              "#9c179e"
             ],
             [
              0.4444444444444444,
              "#bd3786"
             ],
             [
              0.5555555555555556,
              "#d8576b"
             ],
             [
              0.6666666666666666,
              "#ed7953"
             ],
             [
              0.7777777777777778,
              "#fb9f3a"
             ],
             [
              0.8888888888888888,
              "#fdca26"
             ],
             [
              1,
              "#f0f921"
             ]
            ],
            "type": "contour"
           }
          ],
          "contourcarpet": [
           {
            "colorbar": {
             "outlinewidth": 0,
             "ticks": ""
            },
            "type": "contourcarpet"
           }
          ],
          "heatmap": [
           {
            "colorbar": {
             "outlinewidth": 0,
             "ticks": ""
            },
            "colorscale": [
             [
              0,
              "#0d0887"
             ],
             [
              0.1111111111111111,
              "#46039f"
             ],
             [
              0.2222222222222222,
              "#7201a8"
             ],
             [
              0.3333333333333333,
              "#9c179e"
             ],
             [
              0.4444444444444444,
              "#bd3786"
             ],
             [
              0.5555555555555556,
              "#d8576b"
             ],
             [
              0.6666666666666666,
              "#ed7953"
             ],
             [
              0.7777777777777778,
              "#fb9f3a"
             ],
             [
              0.8888888888888888,
              "#fdca26"
             ],
             [
              1,
              "#f0f921"
             ]
            ],
            "type": "heatmap"
           }
          ],
          "heatmapgl": [
           {
            "colorbar": {
             "outlinewidth": 0,
             "ticks": ""
            },
            "colorscale": [
             [
              0,
              "#0d0887"
             ],
             [
              0.1111111111111111,
              "#46039f"
             ],
             [
              0.2222222222222222,
              "#7201a8"
             ],
             [
              0.3333333333333333,
              "#9c179e"
             ],
             [
              0.4444444444444444,
              "#bd3786"
             ],
             [
              0.5555555555555556,
              "#d8576b"
             ],
             [
              0.6666666666666666,
              "#ed7953"
             ],
             [
              0.7777777777777778,
              "#fb9f3a"
             ],
             [
              0.8888888888888888,
              "#fdca26"
             ],
             [
              1,
              "#f0f921"
             ]
            ],
            "type": "heatmapgl"
           }
          ],
          "histogram": [
           {
            "marker": {
             "colorbar": {
              "outlinewidth": 0,
              "ticks": ""
             }
            },
            "type": "histogram"
           }
          ],
          "histogram2d": [
           {
            "colorbar": {
             "outlinewidth": 0,
             "ticks": ""
            },
            "colorscale": [
             [
              0,
              "#0d0887"
             ],
             [
              0.1111111111111111,
              "#46039f"
             ],
             [
              0.2222222222222222,
              "#7201a8"
             ],
             [
              0.3333333333333333,
              "#9c179e"
             ],
             [
              0.4444444444444444,
              "#bd3786"
             ],
             [
              0.5555555555555556,
              "#d8576b"
             ],
             [
              0.6666666666666666,
              "#ed7953"
             ],
             [
              0.7777777777777778,
              "#fb9f3a"
             ],
             [
              0.8888888888888888,
              "#fdca26"
             ],
             [
              1,
              "#f0f921"
             ]
            ],
            "type": "histogram2d"
           }
          ],
          "histogram2dcontour": [
           {
            "colorbar": {
             "outlinewidth": 0,
             "ticks": ""
            },
            "colorscale": [
             [
              0,
              "#0d0887"
             ],
             [
              0.1111111111111111,
              "#46039f"
             ],
             [
              0.2222222222222222,
              "#7201a8"
             ],
             [
              0.3333333333333333,
              "#9c179e"
             ],
             [
              0.4444444444444444,
              "#bd3786"
             ],
             [
              0.5555555555555556,
              "#d8576b"
             ],
             [
              0.6666666666666666,
              "#ed7953"
             ],
             [
              0.7777777777777778,
              "#fb9f3a"
             ],
             [
              0.8888888888888888,
              "#fdca26"
             ],
             [
              1,
              "#f0f921"
             ]
            ],
            "type": "histogram2dcontour"
           }
          ],
          "mesh3d": [
           {
            "colorbar": {
             "outlinewidth": 0,
             "ticks": ""
            },
            "type": "mesh3d"
           }
          ],
          "parcoords": [
           {
            "line": {
             "colorbar": {
              "outlinewidth": 0,
              "ticks": ""
             }
            },
            "type": "parcoords"
           }
          ],
          "pie": [
           {
            "automargin": true,
            "type": "pie"
           }
          ],
          "scatter": [
           {
            "marker": {
             "colorbar": {
              "outlinewidth": 0,
              "ticks": ""
             }
            },
            "type": "scatter"
           }
          ],
          "scatter3d": [
           {
            "line": {
             "colorbar": {
              "outlinewidth": 0,
              "ticks": ""
             }
            },
            "marker": {
             "colorbar": {
              "outlinewidth": 0,
              "ticks": ""
             }
            },
            "type": "scatter3d"
           }
          ],
          "scattercarpet": [
           {
            "marker": {
             "colorbar": {
              "outlinewidth": 0,
              "ticks": ""
             }
            },
            "type": "scattercarpet"
           }
          ],
          "scattergeo": [
           {
            "marker": {
             "colorbar": {
              "outlinewidth": 0,
              "ticks": ""
             }
            },
            "type": "scattergeo"
           }
          ],
          "scattergl": [
           {
            "marker": {
             "colorbar": {
              "outlinewidth": 0,
              "ticks": ""
             }
            },
            "type": "scattergl"
           }
          ],
          "scattermapbox": [
           {
            "marker": {
             "colorbar": {
              "outlinewidth": 0,
              "ticks": ""
             }
            },
            "type": "scattermapbox"
           }
          ],
          "scatterpolar": [
           {
            "marker": {
             "colorbar": {
              "outlinewidth": 0,
              "ticks": ""
             }
            },
            "type": "scatterpolar"
           }
          ],
          "scatterpolargl": [
           {
            "marker": {
             "colorbar": {
              "outlinewidth": 0,
              "ticks": ""
             }
            },
            "type": "scatterpolargl"
           }
          ],
          "scatterternary": [
           {
            "marker": {
             "colorbar": {
              "outlinewidth": 0,
              "ticks": ""
             }
            },
            "type": "scatterternary"
           }
          ],
          "surface": [
           {
            "colorbar": {
             "outlinewidth": 0,
             "ticks": ""
            },
            "colorscale": [
             [
              0,
              "#0d0887"
             ],
             [
              0.1111111111111111,
              "#46039f"
             ],
             [
              0.2222222222222222,
              "#7201a8"
             ],
             [
              0.3333333333333333,
              "#9c179e"
             ],
             [
              0.4444444444444444,
              "#bd3786"
             ],
             [
              0.5555555555555556,
              "#d8576b"
             ],
             [
              0.6666666666666666,
              "#ed7953"
             ],
             [
              0.7777777777777778,
              "#fb9f3a"
             ],
             [
              0.8888888888888888,
              "#fdca26"
             ],
             [
              1,
              "#f0f921"
             ]
            ],
            "type": "surface"
           }
          ],
          "table": [
           {
            "cells": {
             "fill": {
              "color": "#EBF0F8"
             },
             "line": {
              "color": "white"
             }
            },
            "header": {
             "fill": {
